37
3
80
53
87
38
1
19
21
22
5
36
12
92
16
72
0
26
67
84
49
18
82
55
54
40
61
39
15
2
3
72
23
37
89
30
8
34
83
68
43
27
78
56
89
77
40
71
53
27
56
6
37
5
46
51
70
58
65
82
7
64
33
79
50
67
1
59
11
69
2
47
40
5
15
0
81
98
97
8
72
3
10
26
48
93
73
78
3
33
17
36
56
88
55
35
91
69
43
26
12
67
50
75
26
89
94
0
48
42
95
99
34
65
83
5
67
70
3
80
24
3
92
31
69
15
76
51
64
68
12
75
94
24
7
76
34
66
94
47
33
19
0
1
68
81
82
46
57
48
48
97
93
88
2
64
23
99
85
19
38
23
18
0
49
99
37
66
44
12
20
62
72
84
54
13
52
0
32
23
63
70
79
54
46
28
0
50
81
44
82
80
42
55
76
95
54
38
19
42
37
72
62
81
91
56
23
90
36
86
71
61
4
74
57
41
94
84
4
22
60
48
10
8
78
31
74
56
21
27
94
82
15
49
30
32
31
80
53
39
70
53
37
47
25
2
34
16
79
4
69
24
68
98
2
93
8
27
61
24
57
56
70
72
71
48
88
26
50
88
36
13
76
27
13
90
30
3
98
38
20
7
36
35
68
90
35
97
86
76
32
91
83
95
67
87
50
20
82
51
32
93
10
65
68
56
16
42
78
49
41
71
69
89
11
0
76
27
18
58
98
57
55
81
26
81
56
47
34
5
46
77
16
97
13
27
8
31
61
42
25
45
58
31
26
35
49
47
53
11
58
59
63
47
42
17
43
22
38
28
41
56
43
10
39
72
50
52
22
20
48
63
16
45
34
34
83
56
42
59
47
4
30
97
44
61
50
0
41
66
33
95
37
24
22
46
4
4
89
95
48
76
29
21
11
62
9
57
40
88
23
9
85
79
61
18
71
39
82
62
41
81
81
2
4
38
17
55
12
72
34
88
37
66
61
48
89
87
71
86
21
20
78
81
47
9
32
15
51
98
78
6
42
39
34
91
48
57
34
91
59
68
16
75
97
14
27
79
62
6
83
87
78
59
61
42
62
60
91
29
19
93
47
9
69
44
31
89
35
57
5
70
95
79
60
68
39
57
39
50
80
6
46
3
15
98
88
49
82
69
65
47
13
77
76
2
26
27
89
72
24
91
56
70
23
43
46
32
1
91
73
99
44
2
41
30
97
24
54
50
90
40
20
85
36
13
61
74
40
50
64
48
86
26
17
53
37
10
62
33
94
10
30
0
4
64
37
80
22
57
7
32
43
28
82
59
4
70
90
57
43
91
20
5
67
75
27
19
93
53
63
61
10
69
69
77
24
66
17
50
91
98
39
64
32
67
68
21
17
34
56
27
56
67
41
68
38
29
90
14
44
60
87
27
69
49
78
20
24
25
91
94
80
95
18
18
90
4
5
60
26
96
70
27
23
43
30
31
79
57
83
23
2
84
0
19
59
84
74
71
86
62
24
94
14
78
5
65
4
2
19
46
25
69
56
30
19
85
64
92
57
42
89
93
90
74
71
49
23
94
64
58
9
79
84
45
91
65
47
18
35
79
80
1
77
63
51
11
72
46
27
14
2
84
60
2
1
21
23
61
55
45
60
15
7
85
67
27
60
20
72
73
3
33
73
68
70
46
73
95
80
50
98
45
97
60
93
27
30
72
42
48
58
44
99
27
40
68
53
92
2
42
53
29
47
41
14
91
16
21
12
46
52
1
35
6
90
69
38
80
21
67
42
13
40
64
11
41
45
67
13
96
3
59
13
79
27
51
47
55
75
32
72
47
10
90
92
83
17
51
69
88
40
45
20
91
70
75
46
19
41
56
16
84
48
8
60
10
0
43
35
78
63
80
95
51
42
87
42
14
34
7
26
40
36
64
72
84
46
33
0
26
57
66
46
87
98
52
19
67
30
89
39
82
89
88
91
2
31
75
85
93
73
9
39
27
64
58
93
84
17
20
47
62
45
16
79
4
27
96
25
66
16
25
71
93
39
96
88
36
82
13
0
94
98
75
22
3
86
81
53
49
27
23
21
22
48
44
58
57
9
38
82
75
66
75
63
73
74
33
88
4
63
2
0
64
1
11
27
37
66
15
42
72
72
79
9
7
67
84
88
33
11
65
30
13
37
91
34
49
30
7
9
18
20
27
26
7
74
77
32
80
13
57
97
98
0
86
36
88
65
49
69
29
76
43
5
25
69
40
90
17
35
16
70
80
80
46
75
24
